$ 1 0.0000049999999999999996 6.450009306485578 44 5 43
r 192 64 192 144 0 3991.6219879041864
r 368 144 480 144 0 1704.4225888350963
r 640 144 784 144 0 4300
t 864 48 928 48 0 1 -9.713216276565543 0.7145473584023083 200
i 928 96 928 224 0 0.1
p 928 64 1040 64 1 0
g 864 224 864 272 0
c -128 336 -128 112 0 0.00022 -22.427838618375212
w -128 112 -128 0 0
w -224 336 -128 336 0
d -256 336 -336 112 2 default
d -336 336 -256 112 2 default
w -224 112 -128 112 0
w -256 336 -224 336 0
w -256 112 -224 112 0
d -256 336 -336 336 2 default
d -336 112 -256 112 2 default
v -560 112 -560 336 0 1 40 179.60512242138307 0 0 0.5
w 928 32 928 -16 0
w 736 -16 192 -16 0
w 192 336 784 336 0
w -128 336 -96 336 0
w -96 336 192 336 0
T -560 112 -336 336 0 4 0.14173228346 -0.639454827399885 -0.8700234859488291 0.999
w 544 144 480 144 0
w 576 144 640 144 0
w 928 96 928 64 0
34 zvoltage\q15 0 1.7143528192808883e-7 0 2 15
z 192 272 192 144 2 zvoltage\q15
t 672 32 736 32 0 1 -9.135838899615381 0.577377376950162 200
w 736 16 736 -16 0
w 736 -16 928 -16 0
w 928 336 784 336 0
w 192 -16 192 64 0
w 368 144 192 144 0
S 560 32 560 144 0 1 false 0 2
r 544 144 576 144 0 8997.001013056068
S 192 144 112 144 0 1 false 0 2
p 112 160 32 160 1 0
R 112 128 32 128 0 0 40 15 0 0 0.5
R 112 -32 32 -32 0 0 40 19 0 0 0.5
S 192 -16 112 -16 0 0 false 0 2
w -128 0 112 0 0
w 928 224 864 224 0
w 928 224 928 336 0
370 192 272 192 336 1 0
370 784 144 784 336 1 0
370 560 32 672 32 1 0
370 736 48 864 48 1 0
w 928 96 672 96 0
p 672 32 672 96 1 0
g 32 160 32 192 0
g 1040 64 1040 96 0
g 368 32 368 64 0
p 560 32 368 32 1 0
38 4 0 0 0.1 Current
