$ 1 0.0000049999999999999996 6.450009306485578 44 5 43
r 192 64 192 144 0 4000
r 368 144 480 144 0 1500
r 640 144 784 144 0 4300
t 864 48 928 48 0 1 -7.411190045188787 0.7145473584023083 200
i 928 208 928 336 0 0.1
p 928 64 1040 64 1 0
g -224 336 -224 384 0
c -128 336 -128 112 0 0.00022 -20.299545371994533
w -128 112 -128 -16 0
w -224 336 -128 336 0
d -256 336 -336 112 2 default
d -336 336 -256 112 2 default
w -224 112 -128 112 0
w -256 336 -224 336 0
w -256 112 -224 112 0
d -256 336 -336 336 2 default
d -336 112 -256 112 2 default
v -560 112 -560 336 0 1 40 179.60512242138307 0 0 0.5
w 928 32 928 -16 0
w 736 -16 192 -16 0
w 192 336 784 336 0
w 928 208 928 112 0
w 784 144 784 336 0
w -128 -16 192 -16 0
w -128 336 -96 336 0
w -96 336 192 336 0
T -560 112 -336 336 0 4 0.14173228346 -0.4139717877349157 -1.0824354075746236 0.999
w 528 144 480 144 0
w 592 144 640 144 0
w 928 112 928 64 0
34 zvoltage\q15 0 1.7143528192808883e-7 0 2 15
z 192 336 192 144 2 zvoltage\q15
t 672 32 736 32 0 1 -6.833812668238631 0.5773773769501567 200
w 736 48 864 48 0
w 736 16 736 -16 0
w 736 -16 928 -16 0
w 560 32 672 32 0
174 528 144 576 112 1 10000 0.005 Resistance
w 560 112 560 32 0
w 928 336 784 336 0
w 192 -16 192 64 0
w 368 144 192 144 0
38 4 0 0 0.1 Current
